(1,2)-MDA(34;27,{2,2,2,2,2,2,2,2,2,2,2,2,2,2,2,2,2,2,2,2,2,2,2,2,2,2,2})
1,1,0,1,0,0,0,0,0,0,0,0,0,1,1,1,1,0,0,0,0,0,1,0,0,0,1,
1,0,1,0,1,1,1,0,1,1,1,1,0,0,0,0,0,0,0,0,1,1,0,1,1,1,0,
0,0,0,0,1,1,0,1,1,1,1,0,1,0,0,1,1,1,1,1,1,1,1,0,0,1,1,
0,1,0,1,0,0,1,1,0,0,1,1,1,1,0,0,0,1,0,0,0,1,0,1,1,0,1,
0,0,1,0,0,1,0,0,0,1,1,1,1,1,1,1,0,0,1,1,0,0,1,0,1,0,0,
1,1,1,0,1,1,1,1,1,0,0,0,1,0,1,0,1,0,1,1,0,1,0,1,0,1,1,
1,0,1,1,0,0,0,1,1,1,0,1,0,1,0,0,0,1,1,1,1,0,1,0,1,1,0,
0,0,0,0,1,0,1,0,0,0,0,1,0,0,0,1,1,0,1,1,1,0,0,1,1,1,1,
1,1,0,1,1,0,1,1,0,1,1,0,1,0,1,1,0,0,1,0,1,1,0,0,0,0,0,
0,1,0,0,0,0,0,0,1,0,1,1,0,0,1,0,1,1,0,1,0,1,1,1,0,0,0,
0,1,1,1,1,1,1,0,1,1,0,0,0,1,0,0,1,1,1,0,1,0,1,0,1,1,0,
1,0,1,1,0,0,0,1,0,1,0,1,1,1,1,1,0,1,0,0,0,1,0,1,0,0,0,
1,0,1,1,1,1,1,1,0,0,1,0,0,1,1,1,1,1,0,1,1,0,0,0,1,0,0,
0,1,1,1,0,1,0,1,1,0,0,0,1,0,1,1,0,1,0,0,1,0,0,1,0,1,0,
1,0,1,1,0,1,1,0,1,0,0,1,0,0,0,1,0,0,1,0,0,1,1,0,0,0,1,
1,1,0,1,1,1,0,0,0,1,0,0,1,0,1,0,1,0,0,1,1,1,0,1,1,1,1,
0,0,1,0,1,0,0,1,1,1,0,0,1,1,0,1,1,0,1,0,0,1,1,1,1,0,0,
1,0,0,0,1,0,1,1,0,1,0,0,0,1,0,1,0,1,0,0,0,0,0,0,0,1,1,
1,0,1,0,0,0,1,1,1,0,0,1,1,0,1,0,1,1,1,0,1,0,1,0,1,0,1,
1,0,1,1,0,0,1,0,0,1,1,0,1,1,1,0,0,1,1,1,1,0,0,1,0,0,1,
0,1,1,1,1,0,1,0,1,1,1,1,1,1,1,0,1,0,0,0,1,1,1,0,0,1,1,
1,1,1,0,0,1,0,0,0,1,1,1,0,1,0,0,0,1,0,0,0,0,1,0,1,1,1,
0,0,0,1,1,1,1,0,1,0,0,1,0,0,1,0,0,0,1,0,0,0,1,1,1,0,0,
0,1,0,0,0,1,0,0,0,0,0,0,1,1,0,1,0,0,0,1,1,1,0,1,0,0,1,
0,1,0,0,0,1,0,1,1,0,0,1,0,1,0,0,1,0,1,1,0,1,0,0,1,1,1,
0,1,0,1,1,0,0,1,0,0,0,1,1,0,0,0,0,1,0,1,0,1,1,1,0,0,0,
1,0,0,1,0,0,0,1,0,0,1,1,0,1,1,0,0,1,1,0,1,0,1,1,0,1,1,
1,0,0,0,1,0,0,1,1,1,1,1,0,0,0,1,0,0,1,1,0,0,0,1,0,1,0,
1,1,1,1,0,0,1,0,0,1,1,1,0,0,0,0,1,0,0,1,1,1,0,0,0,1,0,
1,1,0,1,1,0,0,1,1,0,1,1,1,0,0,1,0,0,1,1,0,0,1,0,1,1,1,
0,1,1,0,1,0,0,1,1,1,1,0,0,0,1,1,0,0,0,1,0,1,1,1,0,0,1,
0,0,0,1,0,0,0,1,1,1,1,0,1,0,0,0,1,0,0,0,1,0,0,0,0,0,0,
1,1,0,1,0,0,0,0,0,1,0,0,0,1,0,1,0,1,1,0,0,0,0,1,1,0,0,
1,0,1,0,0,1,1,0,0,1,1,1,1,0,0,0,0,0,0,1,1,1,1,1,0,1,1,
(1,2)-MDA(37;27,{2,2,2,2,2,2,2,2,2,2,2,2,2,2,2,2,2,2,2,2,2,2,2,2,2,2,2})
0,1,1,1,1,0,0,0,0,0,0,1,0,1,1,0,0,1,1,0,1,0,0,1,1,0,0,
1,0,0,0,1,1,0,1,1,1,0,0,1,0,1,1,1,0,0,0,0,0,1,1,0,1,0,
0,0,0,1,0,0,1,0,0,1,1,1,0,1,0,0,0,0,1,1,0,1,0,0,0,1,0,
0,0,0,0,0,1,1,1,1,0,0,0,1,0,0,1,0,1,0,0,1,1,1,1,1,0,1,
1,0,1,0,0,0,0,1,0,0,1,1,1,1,1,1,1,1,0,1,1,1,1,0,1,0,1,
1,1,1,1,1,1,0,1,1,1,1,0,0,1,0,1,0,1,1,0,0,0,0,0,1,0,1,
0,1,1,1,0,1,0,0,1,1,0,0,0,0,1,0,1,1,0,1,0,1,1,1,0,1,1,
1,0,0,0,1,1,1,0,0,0,1,1,1,1,0,0,1,0,1,1,1,0,1,1,1,0,1,
1,1,1,0,1,0,1,0,1,0,0,1,1,0,1,0,1,0,0,0,0,1,0,0,0,0,0,
0,1,0,1,0,1,0,1,1,0,1,0,0,0,1,1,0,1,1,0,1,0,0,0,0,1,1,
0,1,0,1,1,0,1,0,0,1,0,0,1,0,0,1,1,1,0,1,1,0,1,0,1,1,0,
1,1,1,1,0,0,1,1,0,1,1,1,1,0,1,1,0,0,1,0,1,1,1,1,0,1,0,
0,0,1,0,1,0,1,0,0,0,0,0,0,1,0,1,1,0,1,0,0,0,1,0,0,1,1,
1,1,0,0,1,1,1,1,1,1,1,0,0,1,0,0,0,0,0,0,1,0,0,1,0,1,1,
0,0,1,1,1,0,0,1,1,1,1,1,1,1,0,0,1,1,1,1,0,1,1,1,1,0,0,
1,1,0,0,0,1,0,0,0,0,0,0,0,0,0,1,0,0,1,0,0,1,0,0,0,0,0,
1,0,0,0,1,1,0,1,0,0,0,1,1,0,1,1,0,0,1,1,1,0,0,1,1,1,1,
0,1,0,1,0,0,1,1,1,1,0,0,0,1,1,0,1,1,0,1,1,0,0,1,1,1,0,
1,0,1,1,1,0,0,0,1,1,1,1,0,0,0,1,0,0,0,1,0,1,0,0,1,0,1,
0,1,0,0,0,1,1,0,0,1,0,1,1,0,1,0,0,0,0,1,0,0,1,0,1,0,1,
1,0,0,1,1,1,1,1,1,0,1,0,0,0,1,0,0,1,1,1,0,1,0,0,0,1,0,
0,1,0,1,1,0,0,1,0,0,1,1,1,1,0,1,1,0,0,1,1,0,0,1,0,0,1,
1,0,0,0,0,0,0,1,1,0,1,1,0,0,1,0,0,1,1,0,0,0,1,1,0,0,0,
0,1,0,0,1,1,0,0,1,0,1,1,0,1,1,1,0,1,0,0,1,1,1,1,1,1,0,
0,0,1,1,0,1,0,1,1,1,0,0,1,1,0,0,0,0,1,0,1,0,0,1,0,1,1,
1,0,1,0,1,0,0,0,0,1,1,0,1,0,0,0,0,1,1,1,1,0,1,0,0,0,1,
1,0,1,0,0,1,0,0,0,1,1,1,0,0,1,0,1,0,1,1,1,1,1,0,0,1,1,
1,0,0,1,0,0,1,0,0,1,0,0,0,1,1,1,1,0,1,0,0,1,1,1,1,0,1,
0,0,1,0,1,1,0,1,0,0,0,0,1,1,1,0,1,1,1,1,1,1,0,1,1,1,1,
0,1,1,0,1,1,1,1,0,1,1,0,1,1,0,1,1,0,1,1,0,0,0,0,1,0,0,
0,0,0,1,1,1,1,0,1,0,1,1,1,1,0,1,1,1,0,0,1,0,1,1,1,0,0,
0,1,1,1,1,1,1,0,0,0,0,0,0,1,1,1,1,1,0,1,0,0,1,1,1,1,0,
1,0,0,0,1,0,1,1,0,0,0,0,1,1,1,0,1,1,0,0,1,1,0,1,0,1,0,
1,0,1,0,1,0,0,1,1,0,0,0,0,0,1,0,1,0,1,1,0,1,1,0,1,1,0,
1,1,1,0,0,0,0,1,0,0,0,1,1,1,0,1,1,0,0,1,0,1,1,0,0,0,1,
0,0,1,1,0,1,0,1,0,0,0,1,0,1,0,0,0,0,0,0,1,1,1,0,0,1,1,
0,0,0,1,0,1,1,0,1,1,1,0,0,0,0,0,1,1,1,1,0,1,0,1,1,1,0,
(1,2)-MDA(37;27,{2,2,2,2,2,2,2,2,2,2,2,2,2,2,2,2,2,2,2,2,2,2,2,2,2,2,2})
0,1,1,1,1,0,0,0,0,0,0,1,0,1,1,0,0,1,1,0,1,0,0,1,1,0,0,
1,0,0,0,0,0,0,0,1,1,1,0,1,1,0,1,1,1,0,0,0,1,1,0,0,1,0,
0,0,0,1,1,1,1,1,0,0,0,0,1,0,1,1,0,0,1,1,1,0,1,1,0,0,1,
1,0,0,0,0,1,0,1,1,1,1,1,0,0,0,0,1,1,0,1,0,1,0,0,1,0,1,
0,1,1,0,0,0,1,0,0,1,0,0,1,1,0,1,1,0,0,0,1,1,1,1,1,1,1,
0,1,1,1,0,0,1,0,1,0,1,1,0,1,1,1,1,0,1,1,0,0,0,0,1,1,0,
1,1,0,0,1,1,1,1,1,1,1,0,0,1,0,0,0,0,0,0,1,0,0,1,0,1,1,
1,1,1,0,1,1,0,1,1,0,0,0,1,1,1,0,1,1,1,1,0,1,1,0,0,0,0,
1,0,0,1,1,1,1,0,0,1,1,1,1,0,1,1,0,1,1,0,1,1,0,0,1,0,1,
0,0,1,1,0,0,0,1,1,1,0,1,0,0,1,1,0,0,1,1,0,1,1,1,0,1,1,
1,1,1,1,0,0,1,0,0,0,0,1,1,0,0,0,1,1,0,0,0,0,1,0,1,0,0,
0,0,0,0,1,0,0,1,0,0,0,0,0,0,1,1,0,1,1,0,1,0,0,0,0,1,0,
0,1,0,1,0,1,0,0,1,0,1,0,1,1,0,1,0,0,1,1,1,1,1,1,1,0,1,
0,1,0,1,1,1,1,1,0,1,1,1,0,0,1,0,0,0,0,0,0,1,1,1,1,0,0,
1,0,1,0,0,0,0,0,0,0,1,1,1,0,1,0,1,1,0,1,1,1,0,1,1,1,0,
0,0,1,1,1,1,1,0,1,0,1,0,0,0,0,0,1,0,1,1,0,0,1,1,0,1,1,
0,1,0,1,1,0,0,0,1,1,1,1,1,1,0,1,0,0,0,0,1,0,0,0,0,0,1,
1,0,1,0,1,1,0,0,0,0,0,1,0,1,1,0,0,0,0,1,0,0,0,0,0,1,1,
0,1,0,1,1,0,1,1,1,1,0,0,1,1,0,1,1,1,1,0,1,0,1,1,1,0,1,
1,1,0,0,0,0,1,1,0,1,1,1,1,0,1,1,0,0,0,1,1,0,1,1,0,0,0,
1,1,1,1,0,1,1,1,0,1,1,0,1,0,0,1,0,0,1,0,0,1,0,0,0,1,0,
0,0,0,0,1,0,1,0,1,1,0,1,0,1,0,1,1,1,1,1,0,1,0,1,0,1,0,
1,0,1,1,0,1,0,1,0,1,0,0,0,1,1,0,0,1,0,0,0,1,1,0,1,0,1,
1,0,0,1,1,0,1,1,1,0,1,1,0,1,1,0,1,0,0,0,1,0,0,0,1,1,1,
1,1,1,1,1,1,0,0,0,1,0,0,0,1,0,1,1,0,1,1,1,0,1,1,0,0,0,
0,0,0,0,0,1,1,1,1,0,1,1,1,0,0,0,0,1,1,1,1,1,1,1,0,0,0,
0,1,0,1,0,1,1,1,0,0,1,0,0,0,0,0,1,1,0,1,1,1,0,0,1,1,0,
1,0,0,1,0,0,0,0,0,1,0,0,1,0,0,0,0,0,1,1,0,0,1,1,1,1,1,
1,0,0,0,1,1,1,1,1,0,0,0,1,1,1,1,1,1,0,1,1,0,0,0,1,0,1,
0,0,1,0,1,1,0,0,1,0,1,0,0,0,1,0,0,0,0,0,0,1,1,1,1,0,0,
0,1,1,1,1,1,0,1,0,1,1,0,1,0,1,0,1,1,0,0,0,0,1,0,0,1,1,
1,1,1,0,1,1,1,0,1,0,0,1,0,1,1,0,1,0,1,0,1,0,1,0,1,0,1,
1,1,0,0,0,0,0,0,1,0,0,1,1,0,1,1,1,0,0,0,0,1,0,1,0,0,1,
1,0,0,1,0,0,0,0,0,0,1,0,1,1,0,1,1,0,1,0,1,1,0,0,1,0,0,
1,1,1,0,1,0,1,0,1,0,1,0,0,0,0,1,0,1,0,1,0,0,1,1,0,1,1,
0,1,1,1,0,1,0,1,1,1,0,0,0,0,1,1,0,0,0,1,1,0,1,1,0,1,1,
0,0,0,1,0,0,1,1,1,1,0,0,0,1,1,0,0,0,1,1,1,1,1,0,0,1,0,
