k, Cond Exp Entries, Cond Exp One Interaction, Cond Exp Iteration
5, 106, 95, 100
6, 143, 140, 135
7, 168, 167, 164
8, 190, 184, 180
9, 212, 203, 203
10, 230, 226, 218
11, 245, 240, 231
12, 260, 254, 247
13, 281, 269, 260
14, 294, 284, 278
15, 306, 298, 285
k, CondExpEntries, DensityMultCandidateRow
5, 106, 101
6, 143, 139
7, 168, 161
8, 190, 185
9, 212, 199
10, 230, 222
11, 245, 236
12, 260, 253
13, 281, 267
14, 294, 278
15, 306, 293
k, CondExpEntries, DensityMultCandidateRow
5, 106, 109
6, 143, 135
7, 168, 162
8, 190, 181
9, 212, 201
10, 230, 217
11, 245, 234
12, 260, 248
13, 281, 265
14, 294, 280
15, 306, 291
k, DensityMultCandidateRow, HybridMultiCandidate
5, 101, 101
6, 139, 139
7, 161, 160
8, 185, 180
9, 199, 198
10, 222, 220
11, 236, 235
12, 253, 249
13, 267, 265
14, 278, 276
15, 293, 290
k, DensityMultCandidateRow, BestOfKDensityMultiCandidateHybrid
5, 101, 101
6, 139, 136
7, 161, 162
8, 185, 181
9, 199, 200
10, 222, 218
11, 236, 231
12, 253, 248
13, 267, 266
14, 278, 276
15, 293, 286
k, CondExpEntries, CondExpIterPE
10, 226, 228
11, 248, 243
12, 263, 260
13, 276, 276
14, 294, 288
15, 306, 306
16, 318, 320
17, 332, 331
18, 344, 341
19, 355, 352
20, 365, 363
21, 378, 375
22, 385, 385
23, 394, 392
24, 401, 402
25, 411, 410
k, CondExpEntries, CondExpIterPE
